image: tmp4.pgm
resolution: 0.050000
origin: [-11.000000, -11.500000, 0.000000]
#origin: [-0.00000, 0.00000, 0.000000]
negate: 0
occupied_thresh: 0.65
free_thresh: 0.196

